# C - The color for a certain terrain type
#     The value should be a HEX RGB
# T - An individual terrain column sequence
#     The sequence should be:
#     1. Frequency of column
#     2. Height displacement
#     3+i*2. 
#     4+i*2. 
# SEA
000000,1,0,0 ,0,8 ,0,8 ,0,8 ,0,8 ,0,8 ,0,8 ,0,3 ,0,3 ,0,3 ,0
000033,1,0,0 ,0,8 ,0,8 ,0,8 ,0,8 ,0,8 ,0,3 ,0,3 ,0,3 ,0
000066,1,0,0 ,0,8 ,0,8 ,0,8 ,0,8 ,0,3 ,0,3 ,0,3 ,0
000099,1,0,0 ,0,8 ,0,8 ,0,8 ,0,3 ,0,3 ,0
0000cc,1,0,0 ,0,8 ,0,8 ,0,3 ,0,3 ,0
0000FF,1,0,0 ,0,8 ,0,3 ,0,3 ,0,3 ,0
006699,1,0,0 ,0,8 ,0,12,0,13,0,3 ,0
006699,1,0,0 ,0,8 ,0,12,0,24,0,3 ,0
# LAKES
3399CC,1,0,0 ,0,8 ,0,3 ,0
66FFFF,1,0,0 ,0,8 ,0
# Glacier
9999FF,0.04,1,78 ,0,80 ,0,79 ,0,79 ,0
9999FF,0.03,1,78 ,0,79 ,0,80 ,0,79 ,0
9999FF,0.03,1,78 ,0,80 ,0,79 ,0,80 ,0
9999FF,0.10,0,79 ,0,79 ,0
9999FF,0.10,0,79 ,0,80 ,0
9999FF,0.10,1,78 ,0,79 ,0,79 ,0
9999FF,0.10,1,78 ,0,80 ,0,79 ,0
9999FF,0.125,0,79 ,0
9999FF,0.125,0,80 ,0
9999FF,0.125,1,78 ,0,79 ,0
9999FF,0.125,1,78 ,0,80 ,0
# LAND
# sand
FFCC33,0.15,0,0,0,12,0,12,0,12,0,13,0,3 ,0
FFCC33,0.35,0,0,0,12,0,12,0,12,0,24,0,3 ,0
FFCC33,0.15,0,0,0,12,0,12,0,13,0,3 ,0
FFCC33,0.35,0,0,0,12,0,12,0,24,0,3 ,0
# Regular grass
66CC00,0.30,0 ,2 ,0,3 ,0,3 ,0
66CC00,0.30,0 ,2 ,0,3 ,0,3 ,0,3 ,0
66CC00,0.25,1 ,31,1,2 ,0,3 ,0,3 ,0
66CC00,0.05,1 ,31,2,2 ,0,3 ,0,3 ,0
66CC00,0.05,1 ,31,2,2 ,0,3 ,0,3 ,0
66CC00,0.05,1 ,6 ,0,2 ,0,3 ,0,3 ,0
# Grassy grass
669933,0.300,0 ,2 ,0,3 ,0,3 ,0
669933,0.475,1 ,31,1,2 ,0,3 ,0,3 ,0
669933,0.150,1 ,31,2,2 ,0,3 ,0,3 ,0
669933,0.045,1 ,6 ,0,2 ,0,3 ,0,3 ,0
669933,0.005,1 ,6 ,2,2 ,0,3 ,0,3 ,0
669933,0.025,1 ,6 ,1,2 ,0,3 ,0,3 ,0
# Grassy grass 2
666633,0.300,0 ,2 ,0,3 ,0,3 ,0
666633,0.475,1 ,31,1,2 ,0,3 ,0,3 ,0
666633,0.150,1 ,31,2,2 ,0,3 ,0,3 ,0
666633,0.025,1 ,6 ,0,2 ,0,3 ,0,3 ,0
666633,0.050,1 ,6 ,1,2 ,0,3 ,0,3 ,0
# Grassy grass hill
666600,0.6,0 ,2 ,0,3 ,0,3 ,0
666600,0.3,1 ,31,1,2 ,0,3 ,0,3 ,0
666600,0.05,1 ,31,2,2 ,0,3 ,0,3 ,0
666600,0.05,1 ,6 ,1,2 ,0,3 ,0,3 ,0
# Flowers
CC9900,0.40,0 ,2 ,0,3 ,0
CC9900,0.40,0 ,2 ,0,3 ,0,3 ,0
CC9900,0.10,1 ,31,1,2 ,0,3 ,0,3 ,0
CC9900,0.05,1 ,37,0,2 ,0,3 ,0,3 ,0
CC9900,0.05,1 ,38,0,2 ,0,3 ,0,3 ,0
# Mushrooms
9900FF,0.5,0 ,2 ,0,3 ,0
9900FF,0.45,0 ,2 ,0,3 ,0,3 ,0
9900FF,0.025,1 ,39,0,2 ,0,3 ,0,3 ,0
9900FF,0.025,1 ,40,0,2 ,0,3 ,0,3 ,0
# MOUNTAINS
CCCC99,1  ,0,48,0,48,0
CCCCCC,1  ,0,1 ,0
DDDDDD,0.7,0,1,0
DDDDDD,0.3,1,78,0
EEEEEE,0.5,0,1 ,0
EEEEEE,0.4,1,78,0
EEEEEE,0.1,1,80,0
FFFFFF,0.50,1,79,0
FFFFFF,0.50,1,80,0